![wpn_mac10_9x19_hud]
aim_hud_offset_pos               = -0.0685, 0.025, -0.14
aim_hud_offset_pos_16x9          = -0.0685, 0.025, -0.14
aim_hud_offset_rot               = -0.016, 0.0095, 0.011655
aim_hud_offset_rot_16x9          = -0.016, 0.0095, 0.011655
hands_position                   = 0.006, 0.018, 0.11
hands_position_16x9              = 0.006, 0.018, 0.11